{"camera":{"position":{"x":-2.0,"y":6.0,"z":-18.0},"angle":{"x":5.0,"y":-10.0,"z":-1.0},"rotation":[[0.98465776202140054,0.017187265168156964,0.1736481776669303,0.0],[-0.0022538639083185194,0.99630710514059762,-0.085831651177431273,0.0],[-0.17448212455288684,0.084123422198582265,0.98106026219040654,0.0],[0.0,0.0,0.0,1.0]]},"spheres":[{"radius":1.0,"name":"сфера_2","C":{"x":-4.0,"y":1.0,"z":0.0},"color":{"x":255.0,"y":0.0,"z":0.0},"specular":1000.0,"reflective":0.0}],"cylinders":[{"V":{"x":0.0,"y":1.0,"z":0.0},"radius":1.0,"maxm":3.0,"name":"сфера_1","C":{"x":8.0,"y":0.0,"z":0.0},"color":{"x":255.0,"y":0.0,"z":128.0},"specular":1000.0,"reflective":0.0}],"cones":[{"V":{"x":0.0,"y":-1.0,"z":0.0},"angle":30.0,"k":0.57735026918962573,"minm":0.0,"maxm":4.0,"name":"сфера_3","C":{"x":6.0,"y":3.0,"z":0.0},"color":{"x":255.0,"y":255.0,"z":0.0},"specular":2000.0,"reflective":0.0}],"quadPyramids":[{"A":{"x":0.0,"y":0.0,"z":0.0},"B":{"x":2.0,"y":0.0,"z":0.0},"D":{"x":0.0,"y":0.0,"z":2.0},"P":{"x":1.0,"y":3.0,"z":1.0},"name":"сфера_5","C":{"x":2.0,"y":0.0,"z":2.0},"color":{"x":0.0,"y":255.0,"z":255.0},"specular":5.0,"reflective":0.0}],"trianglePyramids":[],"parallelepipeds":[{"E":{"x":8.0,"y":3.0,"z":3.0},"name":"сфера_4","C":{"x":5.0,"y":0.0,"z":0.0},"color":{"x":128.0,"y":0.0,"z":255.0},"specular":0.0,"reflective":0.0}],"plane":[{"V":{"x":0.0,"y":1.0,"z":0.0},"name":"земля","C":{"x":0.0,"y":0.0,"z":0.0},"color":{"x":0.0,"y":255.0,"z":0.0},"specular":1.0,"reflective":0.0}],"lights":[{"name":"диффузное освещение","ltype":0,"position":{"x":0.0,"y":0.0,"z":0.0},"intensity":0.2},{"name":"направленный (Солнце)","ltype":2,"position":{"x":1.0,"y":4.0,"z":4.0},"intensity":0.2},{"name":"точечный_1","ltype":1,"position":{"x":2.0,"y":1.0,"z":-3.0},"intensity":0.6}]}